10 5
0 0
1 0
2 0
3 0
4 0
5 0
6 0
7 0
8 0
9 0
10 0
11 0
12 0
13 0
14 0
15 0
16 0
17 0
18 0
19 0
20 0
21 0
22 0
23 0
24 0
25 0
26 0
27 0
28 0
29 0
30 0
31 0
32 0
33 0
34 0
35 0
36 0
37 0
38 0
39 0
40 0
41 0
42 0
43 0
44 0
45 0
46 0
47 0
48 0
49 0
50 1
50 2
51 2
51 1
100 2
100 2
100 2
100 2
100 2
100 2
100 2
100 2
100 2
100 2
100 2
100 2
100 2
100 2
100 2
100 2
100 2
100 2
100 2
100 2
100 2
100 2
100 2
100 2
100 2
100 2
100 2
100 2
100 2
100 2
100 2
100 2
100 2
100 2
100 2
100 2
100 2
100 2
100 2
100 2
200 1
201 1
202 1
203 1
204 1
205 1
206 1
207 1
208 1
209 1
210 1
211 1
212 1
213 1
214 1
215 1
216 1
217 1
218 1
219 1
220 1
221 1
222 1
223 1
224 1
225 1
226 1
227 1
228 1
229 1
230 1
231 1
232 1
233 1
234 1
235 1
236 1
237 1
238 1
239 1
500 1
505 1
510 1
513 1
520 2
525 2
533 2
541 1
546 2
552 0
554 0
555 1
562 2
567 0
568 0
573 0
578 2
586 0
587 2
591 1
594 2
597 2
602 2
606 2
607 1
610 0
615 1
619 0
622 1
628 2
631 1
636 2
640 0
644 1
649 0
652 1
660 1
665 0
672 2
676 2
678 0
679 2
682 0
686 2
692 0
694 1
698 1
702 0
708 2
711 0
714 1
721 1
726 0
734 2
738 1
742 2
748 2
756 0
762 0
770 1
772 0
777 0
778 0
783 0
784 2
785 1
788 0
794 2
802 1
810 0
812 0
818 2
822 0
829 1
836 2
840 2
846 2
850 1
857 2
859 0
866 1
871 0
875 0
880 2
883 0
890 2
895 0
899 2
903 1
908 1
1000 1